0.080295  0.689928  0.229776
0.000000  0.000000  1.000000
0.000000  0.000000  1.000000
0.000000  0.000000  1.000000
0.000000  0.000000  1.000000
0.000170  0.000000  0.999830
0.055577  0.000000  0.944423
0.000000  0.000000  1.000000
0.000000  0.000000  1.000000
0.000000  1.000000  0.000000
0.057564  0.781437  0.160999
0.000000  0.000000  1.000000
0.000000  0.927277  0.072722
0.137103  0.149550  0.713346
0.049331  0.791128  0.159541
0.058898  0.747428  0.193675
0.089376  0.815241  0.095383
0.099372  0.035153  0.865475
0.024625  0.000000  0.975375
0.108622  0.000000  0.891378
0.000086  0.000000  0.999914
0.062420  0.078976  0.858604
0.000000  0.000000  1.000000
0.000000  0.000000  1.000000
0.069491  0.000000  0.930509
0.000000  0.000000  1.000000
0.004641  0.995358  0.000000
0.010873  0.989127  0.000000
0.121022  0.057980  0.820998
0.123687  0.049573  0.826740
0.000000  0.000000  1.000000
0.017367  0.982633  0.000000
0.051382  0.000000  0.948618
0.000000  0.000000  1.000000
0.000000  0.000000  1.000000
0.110445  0.000000  0.889555
0.000935  0.999065  0.000000
0.084176  0.842580  0.073244
0.056522  0.839558  0.103920
0.000000  1.000000  0.000000
0.000000  0.889011  0.110989
0.000000  0.000000  1.000000
0.055476  0.000000  0.944523
0.000000  0.000000  1.000000
0.000000  1.000000  0.000000
0.105916  0.687293  0.206790
0.000000  0.000000  1.000000
0.035599  0.961298  0.003102
0.026137  0.861974  0.111889
0.029203  0.823376  0.147421
0.061555  0.000000  0.938445
0.135297  0.021748  0.842955
0.081537  0.793053  0.125410
0.000000  0.024667  0.975332
0.000000  0.000000  1.000000
0.153321  0.412939  0.433740
0.024303  0.000000  0.975696
0.000000  1.000000  0.000000
0.064047  0.311713  0.624240
0.101634  0.080724  0.817642
0.138201  0.014941  0.846858
0.062909  0.937091  0.000000
0.000000  0.000000  1.000000
0.154977  0.688215  0.156808
0.026328  0.000000  0.973672
0.029629  0.760155  0.210217
0.115701  0.017288  0.867011
0.007372  0.992628  0.000000
0.000000  0.000000  1.000000
0.005705  0.994295  0.000000
0.000000  1.000000  0.000000
0.000055  0.000000  0.999945
0.018770  0.000000  0.981230
0.000000  1.000000  0.000000
0.008656  0.000000  0.991344
0.000000  1.000000  0.000000
0.119310  0.021034  0.859657
0.092701  0.152965  0.754335
0.000000  1.000000  0.000000
0.068071  0.087972  0.843957
0.000000  0.000000  1.000000
0.065150  0.721341  0.213509
0.000000  0.000000  1.000000
0.000000  0.000000  1.000000
0.000000  0.000000  1.000000
0.000000  0.000000  1.000000
0.049379  0.022515  0.928106
0.135465  0.000000  0.864534
0.107881  0.029563  0.862557
0.000000  0.000000  1.000000
0.000000  0.000000  1.000000
0.000000  1.000000  0.000000
0.024860  0.000000  0.975140
0.000000  0.000000  1.000000
0.083894  0.498844  0.417262
0.082484  0.000000  0.917516
0.000000  0.000000  0.999999
0.124680  0.009370  0.865950
0.069238  0.778620  0.152142
0.067999  0.000000  0.932001
0.000000  0.000000  0.999999
0.094478  0.084461  0.821061
0.167109  0.197031  0.635860
0.054865  0.937748  0.007386
0.048857  0.503576  0.447567
0.107915  0.145331  0.746754
0.149006  0.071283  0.779711
0.112184  0.663054  0.224762
0.156928  0.843072  0.000000
0.261117  0.738883  0.000000
0.000000  0.540252  0.459748
0.085988  0.914012  0.000000
0.105821  0.871411  0.022768
0.192017  0.714841  0.093142
0.032758  0.929018  0.038224
0.000000  0.857270  0.142730
0.032964  0.331642  0.635394
1.000000  0.000000  0.000000
0.466302  0.479973  0.053725
0.000165  0.893858  0.105977
0.000000  0.595884  0.404116
0.122434  0.875628  0.001938
0.000000  0.607272  0.392728
0.000000  0.688259  0.311740
0.000000  1.000000  0.000000
0.000000  0.619861  0.380139
0.278378  0.159526  0.562096
0.000000  0.901378  0.098621
0.008896  0.327945  0.663159
0.945960  0.054040  0.000000
1.000000  0.000000  0.000000
0.955789  0.044211  0.000000
0.675136  0.010229  0.314635
0.148075  0.695249  0.156676
0.000000  0.987088  0.012911
0.000000  0.712546  0.287454
0.000000  0.851947  0.148053
0.000000  0.911952  0.088047
0.186046  0.813954  0.000000
0.000000  0.891740  0.108260
0.000000  1.000000  0.000000
0.208631  0.774528  0.016841
0.216473  0.000000  0.783527
0.000000  0.573326  0.426673
0.000000  0.718823  0.281176
0.075298  0.790683  0.134018
0.354965  0.058080  0.586955
0.124339  0.875661  0.000000
0.000000  1.000000  0.000000
0.278102  0.721898  0.000000
0.000000  0.977036  0.022964
0.000000  0.548284  0.451715
0.472424  0.097427  0.430148
0.000265  0.987272  0.012463
0.062280  0.775226  0.162495
0.861411  0.138589  0.000000
0.237610  0.762390  0.000000
0.089443  0.752014  0.158544
0.093663  0.906337  0.000000
0.137686  0.851767  0.010548
0.056758  0.744070  0.199172
0.000000  0.924194  0.075806
0.107548  0.854861  0.037591
0.126764  0.702181  0.171056
0.000000  0.609373  0.390627
0.595035  0.266739  0.138226
0.187026  0.753332  0.059642
0.149798  0.850202  0.000000
0.029300  0.970700  0.000000
0.023041  0.976958  0.000000
0.000000  0.507873  0.492126
0.813245  0.186755  0.000000
0.524421  0.051671  0.423908
0.819298  0.180702  0.000000
0.768820  0.231179  0.000000
0.826380  0.000000  0.173620
0.000000  1.000000  0.000000
0.000000  0.594083  0.405917
0.390496  0.272796  0.336708
0.463773  0.445574  0.090653
0.224789  0.749337  0.025874
0.000000  0.919537  0.080462
0.089911  0.304024  0.606065
0.031352  0.823387  0.145260
0.000000  0.577413  0.422586
0.000000  1.000000  0.000000
0.000000  0.686670  0.313330
0.000000  0.552140  0.447860
0.545001  0.261489  0.193511
0.000000  0.616759  0.383241
0.000000  0.615499  0.384500
0.244616  0.755384  0.000000
0.257816  0.718257  0.023927
0.961999  0.038001  0.000000
0.000000  0.910131  0.089869
0.033883  0.846898  0.119218
0.078104  0.775609  0.146287
0.000000  0.626749  0.373250
0.263038  0.736962  0.000000
0.000195  0.262772  0.737033
0.000000  0.641988  0.358012
0.000000  0.306664  0.693336
0.114422  0.746244  0.139334
0.708258  0.291742  0.000000
0.053762  0.898043  0.048195
0.579853  0.000000  0.420147
0.773808  0.000000  0.226192
0.000000  0.773829  0.226171
0.369119  0.518233  0.112649
0.762833  0.237167  0.000000
0.375095  0.075303  0.549602
0.000000  0.644372  0.355628
0.104967  0.895033  0.000000
0.000000  0.950361  0.049638
0.000000  0.799215  0.200785
0.000000  0.925191  0.074809
0.640550  0.296219  0.063230
0.008014  0.060161  0.931825
0.235920  0.073173  0.690906
0.000000  0.994550  0.005450
0.953769  0.000000  0.046230
0.794380  0.000992  0.204628
0.000000  0.549957  0.450042
0.162250  0.667410  0.170340
0.000000  0.976648  0.023352
0.258159  0.741840  0.000000
0.000000  0.942659  0.057341
0.630446  0.232566  0.136988
0.000000  0.984269  0.015731
0.000000  0.928050  0.071950
1.000000  0.000000  0.000000
0.983482  0.016518  0.000000
0.863255  0.000000  0.136745
0.353031  0.490229  0.156741
0.845035  0.000000  0.154964
0.103027  0.824288  0.072685
0.072377  0.781942  0.145681
0.732168  0.267832  0.000000
0.000000  0.680638  0.319362
0.000000  0.488604  0.511396
0.000000  0.946431  0.053569
0.000000  0.987499  0.012501
0.000000  0.566146  0.433854
0.000000  0.728582  0.271418
0.000000  0.566796  0.433203
0.011016  0.988984  0.000000
0.122279  0.877721  0.000000
0.059772  0.932259  0.007969
0.705836  0.098659  0.195505
0.000000  0.574610  0.425390
0.000000  0.947278  0.052721
0.032953  0.946189  0.020857
0.000000  0.918961  0.081038
0.161912  0.774418  0.063670
0.000000  0.852651  0.147349
0.078139  0.777958  0.143903
0.000000  0.855780  0.144219
0.000000  1.000000  0.000000
0.507877  0.310395  0.181729
0.197884  0.802115  0.000000
0.000000  0.910895  0.089105
0.000000  0.368454  0.631545
0.000000  0.595346  0.404654
0.000000  0.919297  0.080703
0.249255  0.750744  0.000000
0.000000  0.509550  0.490450
0.097870  0.902130  0.000000
0.024721  0.975279  0.000000
0.000000  0.450498  0.549501
0.052612  0.926092  0.021296
0.000000  0.954533  0.045467
0.266666  0.733334  0.000000
0.000000  0.586815  0.413185
0.000000  0.985990  0.014010
0.000000  0.668877  0.331123
0.000000  1.000000  0.000000
0.514878  0.485121  0.000000
0.262567  0.737433  0.000000
0.076859  0.787979  0.135162
0.461222  0.538778  0.000000
0.464727  0.486732  0.048541
0.000000  0.193757  0.806243
0.257305  0.742695  0.000000
0.467170  0.333236  0.199594
0.000000  0.873785  0.126215
0.000000  0.930591  0.069408
0.264469  0.735530  0.000000
0.015869  0.794180  0.189950
0.000000  0.266666  0.733333
0.113107  0.206001  0.680892
0.000000  0.263543  0.736457
0.570761  0.278560  0.150679
0.338753  0.497577  0.163669
0.000000  0.690052  0.309948
0.000637  0.235041  0.764323
0.092875  0.780832  0.126293
0.086395  0.804611  0.108995
0.043645  0.956355  0.000000
0.025130  0.844924  0.129946
0.000051  0.999949  0.000000
0.000000  0.433726  0.566274
0.000034  0.000000  0.999965
0.035160  0.753546  0.211295
0.118302  0.748443  0.133255
0.109198  0.448965  0.441837
0.108852  0.767723  0.123425
0.094095  0.351994  0.553911
0.051368  0.948632  0.000000
0.185123  0.164100  0.650777
0.082982  0.261646  0.655372
0.008682  0.991318  0.000000
0.005519  0.290118  0.704363
0.052421  0.947579  0.000000
0.003014  0.393180  0.603806
0.012865  0.987134  0.000000
0.083884  0.794331  0.121785
0.168961  0.149588  0.681451
0.000000  0.963648  0.036351
0.000000  1.000000  0.000000
0.028079  0.971920  0.000000
0.103298  0.128799  0.767903
0.000109  0.999891  0.000000
0.086723  0.764595  0.148682
0.054415  0.072796  0.872790
0.072148  0.782048  0.145804
0.000000  1.000000  0.000000
0.077929  0.815852  0.106219
0.015698  0.984302  0.000000
0.039211  0.923572  0.037217
0.009890  0.990110  0.000000
0.000000  0.000000  1.000000
0.000000  1.000000  0.000000
0.000000  1.000000  0.000000
0.054218  0.945782  0.000000
0.052811  0.801268  0.145921
0.033006  0.966993  0.000000
0.003194  0.000000  0.996806
0.000081  0.519065  0.480854
0.029505  0.807047  0.163448
0.000000  1.000000  0.000000
0.031073  0.968927  0.000000
0.068931  0.815416  0.115653
0.019629  0.980371  0.000000
0.072854  0.771896  0.155250
0.041192  0.953285  0.005523
0.039626  0.794672  0.165702
0.037578  0.930858  0.031564
0.046670  0.953330  0.000000
0.037144  0.808156  0.154700
0.142558  0.278681  0.578761
0.010977  0.978423  0.010600
0.003073  0.418786  0.578142
0.079869  0.444666  0.475464
0.095881  0.904119  0.000000
0.000000  1.000000  0.000000
0.011056  0.988147  0.000797
0.055861  0.944139  0.000000
0.022800  0.977200  0.000000
0.064549  0.805241  0.130210
0.036048  0.848849  0.115103
0.112055  0.445838  0.442106
0.064390  0.763211  0.172399
0.000000  0.988068  0.011932
0.042317  0.770800  0.186883
0.000005  0.999995  0.000000
0.117212  0.120065  0.762722
0.123340  0.232822  0.643839
0.000000  0.000000  1.000000
0.081779  0.783732  0.134489
0.000173  0.196324  0.803503
0.000000  1.000000  0.000000
0.020983  0.979017  0.000000
0.057121  0.832380  0.110499
0.000000  1.000000  0.000000
0.028258  0.835341  0.136402
0.063944  0.936056  0.000000
0.081278  0.346934  0.571789
0.000000  0.883923  0.116077
0.053516  0.818852  0.127632
0.061346  0.187561  0.751094
0.013355  0.000000  0.986645
0.000000  1.000000  0.000000
0.175219  0.582686  0.242096
0.144070  0.348704  0.507226
0.000003  0.000000  0.999997
0.118951  0.176851  0.704198
0.092074  0.263015  0.644911
0.000000  1.000000  0.000000
0.140364  0.606807  0.252829
0.093057  0.906943  0.000000
0.060590  0.808208  0.131201
0.054294  0.377210  0.568496
0.052990  0.846079  0.100931
0.000000  1.000000  0.000000
0.032739  0.489693  0.477568
0.000000  1.000000  0.000000
0.162022  0.537659  0.300319
0.000000  0.955321  0.044679
0.094572  0.808715  0.096713
0.203046  0.230290  0.566664
0.069153  0.930847  0.000000
0.135604  0.207540  0.656856
0.116231  0.776190  0.107579
0.152997  0.073709  0.773294
0.071912  0.844308  0.083780
0.047396  0.755161  0.197443
0.028365  0.962542  0.009093
0.194074  0.529745  0.276180
0.154488  0.524955  0.320556
0.039418  0.960517  0.000065
0.070193  0.929806  0.000000
0.000000  0.000000  1.000000
0.030559  0.769203  0.200238
0.000000  1.000000  0.000000
0.000000  0.000000  1.000000
0.000000  1.000000  0.000000
0.053070  0.788011  0.158919
0.029582  0.829139  0.141279
0.000000  1.000000  0.000000
0.030583  0.768710  0.200707
0.070834  0.794004  0.135162
0.013769  0.773947  0.212284
0.013136  0.502916  0.483948
0.008470  0.991530  0.000000
0.112862  0.078762  0.808376
0.036069  0.370873  0.593058
0.100159  0.724646  0.175195
0.130920  0.311690  0.557390
0.055656  0.935062  0.009283
0.009398  0.000000  0.990602
0.052703  0.795218  0.152079
0.027792  0.964804  0.007404
0.000000  0.000000  1.000000
0.017423  0.953003  0.029574
0.092478  0.585972  0.321550
0.033148  0.966852  0.000000
0.056143  0.810375  0.133482
0.052845  0.946914  0.000241
0.183597  0.563233  0.253170
0.080786  0.227519  0.691695
0.000657  0.999343  0.000000
0.023662  0.830470  0.145869
0.052130  0.330874  0.616996
0.000000  1.000000  0.000000
0.049687  0.778281  0.172032
0.070661  0.821926  0.107413
0.047093  0.856549  0.096358
0.000000  0.843389  0.156610
0.099763  0.316462  0.583775
0.019195  0.980804  0.000000
0.080535  0.786652  0.132813
0.010177  0.989823  0.000000
0.065194  0.842222  0.092584
0.030179  0.969821  0.000000
0.079199  0.196778  0.724023
0.018769  0.776289  0.204941
0.000000  1.000000  0.000000
