0.076657  0.231740  0.691603
0.000000  1.000000  0.000000
0.000000  1.000000  0.000000
0.000000  1.000000  0.000000
0.000000  1.000000  0.000000
0.000000  1.000000  0.000000
0.053112  0.946887  0.000000
0.000000  1.000000  0.000000
0.000000  1.000000  0.000000
0.000000  0.000000  1.000000
0.054186  0.162757  0.783057
0.000000  1.000000  0.000000
0.006875  0.068775  0.924350
0.132335  0.716133  0.151532
0.046311  0.161110  0.792579
0.055349  0.195551  0.749100
0.087075  0.096696  0.816229
0.091309  0.869126  0.039565
0.022413  0.977586  0.000000
0.105789  0.894211  0.000000
0.000000  1.000000  0.000000
0.059551  0.860063  0.080385
0.000000  1.000000  0.000000
0.000000  1.000000  0.000000
0.067170  0.932829  0.000000
0.000000  1.000000  0.000000
0.000000  0.000000  1.000000
0.007226  0.002638  0.990136
0.116958  0.823381  0.059661
0.119682  0.829120  0.051198
0.000000  1.000000  0.000000
0.016605  0.000000  0.983395
0.048941  0.951058  0.000000
0.000000  1.000000  0.000000
0.000000  1.000000  0.000000
0.108013  0.891987  0.000000
0.000000  0.000000  1.000000
0.081600  0.074656  0.843744
0.054499  0.104982  0.840520
0.000000  0.000000  1.000000
0.000000  0.110785  0.889214
0.000000  1.000000  0.000000
0.053019  0.946981  0.000000
0.000000  1.000000  0.000000
0.000000  0.000000  1.000000
0.102393  0.208804  0.688803
0.000000  1.000000  0.000000
0.037924  0.000000  0.962076
0.002089  0.124903  0.873008
0.026032  0.148965  0.825003
0.058678  0.941321  0.000000
0.126576  0.845942  0.027482
0.079016  0.126762  0.794222
0.000000  0.975477  0.024523
0.000000  1.000000  0.000000
0.150127  0.435749  0.414124
0.021289  0.978711  0.000000
0.000000  0.000000  1.000000
0.059270  0.626737  0.313993
0.096392  0.820539  0.083069
0.149684  0.850316  0.000000
0.062317  0.000000  0.937683
0.000000  1.000000  0.000000
0.153219  0.158120  0.688661
0.023039  0.976961  0.000000
0.024718  0.212684  0.762598
0.101721  0.870717  0.027562
0.006372  0.000000  0.993628
0.000000  1.000000  0.000000
0.000000  0.000000  1.000000
0.000000  0.000000  1.000000
0.000000  1.000000  0.000000
0.015826  0.984174  0.000000
0.000000  0.000000  1.000000
0.006070  0.993930  0.000000
0.000000  0.000000  1.000000
0.101677  0.864103  0.034220
0.088554  0.756648  0.154798
0.000000  0.000000  1.000000
0.062045  0.847155  0.090800
0.000000  1.000000  0.000000
0.061700  0.215335  0.722964
0.000000  1.000000  0.000000
0.000000  1.000000  0.000000
0.000000  1.000000  0.000000
0.000000  1.000000  0.000000
0.027338  0.934317  0.038344
0.132187  0.867085  0.000728
0.096146  0.866575  0.037279
0.000000  1.000000  0.000000
0.000000  1.000000  0.000000
0.000000  0.000000  1.000000
0.022115  0.977885  0.000000
0.000000  1.000000  0.000000
0.080064  0.419343  0.500593
0.079921  0.920078  0.000000
0.000000  0.999999  0.000000
0.101731  0.870528  0.027742
0.065790  0.153965  0.780244
0.062379  0.935082  0.002540
0.000000  0.999999  0.000000
0.089256  0.823937  0.086807
0.162637  0.638569  0.198794
0.053869  0.007784  0.938348
0.043506  0.450275  0.506219
0.102279  0.749779  0.147942
0.143946  0.782687  0.073366
0.108839  0.226704  0.664457
0.156569  0.000000  0.843431
0.261274  0.000000  0.738726
0.000000  0.459660  0.540340
0.085350  0.000000  0.914650
0.104466  0.023664  0.871870
0.190306  0.094508  0.715186
0.030800  0.039139  0.930061
0.000000  0.142667  0.857332
0.028482  0.637642  0.333876
1.000000  0.000000  0.000000
0.466943  0.054754  0.478303
0.000027  0.105905  0.894067
0.000000  0.404080  0.595920
0.117587  0.006532  0.875881
0.000000  0.392677  0.607323
0.000000  0.311783  0.688217
0.000000  0.000000  1.000000
0.000000  0.380085  0.619914
0.276070  0.564273  0.159657
0.000000  0.098689  0.901311
0.005533  0.664810  0.329657
0.955046  0.000000  0.044954
1.000000  0.000000  0.000000
0.986903  0.000000  0.013097
0.683727  0.316273  0.000000
0.145050  0.158572  0.696378
0.000000  0.013125  0.986874
0.000000  0.287352  0.712648
0.000000  0.147916  0.852084
0.000000  0.088047  0.911953
0.186132  0.000000  0.813868
0.000085  0.108044  0.891872
0.000000  0.000000  1.000000
0.207458  0.017767  0.774775
0.214314  0.785686  0.000000
0.000000  0.426604  0.573396
0.000000  0.281093  0.718907
0.072833  0.135373  0.791794
0.353552  0.589021  0.057428
0.123686  0.000000  0.876314
0.000000  0.000000  1.000000
0.278736  0.000000  0.721264
0.000000  0.022991  0.977009
0.000000  0.451647  0.548353
0.472550  0.431864  0.095586
0.000040  0.012502  0.987458
0.059284  0.164020  0.776696
0.866630  0.000000  0.133370
0.237603  0.000000  0.762397
0.086370  0.160198  0.753433
0.093308  0.000000  0.906691
0.133882  0.013660  0.852458
0.053516  0.200829  0.745655
0.000000  0.075985  0.924015
0.105795  0.038544  0.855661
0.124974  0.172254  0.702772
0.000000  0.390650  0.609349
0.596058  0.139780  0.264162
0.185454  0.060806  0.753740
0.149555  0.000000  0.850445
0.028517  0.000000  0.971483
0.022147  0.000000  0.977853
0.000000  0.492028  0.507971
0.818289  0.000000  0.181711
0.523869  0.426220  0.049911
0.824193  0.000000  0.175807
0.772608  0.000000  0.227392
0.824081  0.175918  0.000000
0.000000  0.000000  1.000000
0.000000  0.405892  0.594108
0.389092  0.338782  0.272126
0.464420  0.091696  0.443883
0.223310  0.027174  0.749515
0.000000  0.080518  0.919482
0.085256  0.608653  0.306091
0.029132  0.146342  0.824526
0.000000  0.422546  0.577453
0.000000  0.000000  1.000000
0.000000  0.313394  0.686606
0.000000  0.447792  0.552208
0.544314  0.195664  0.260022
0.000000  0.383261  0.616739
0.000000  0.384500  0.615500
0.245043  0.000000  0.754957
0.257276  0.024764  0.717960
0.994584  0.000000  0.005416
0.000000  0.089894  0.910106
0.030599  0.120817  0.848584
0.075657  0.147639  0.776704
0.000000  0.373298  0.626701
0.263445  0.000000  0.736555
0.000024  0.737112  0.262865
0.000000  0.357971  0.642029
0.000000  0.693098  0.306901
0.112095  0.140714  0.747190
0.711968  0.000000  0.288032
0.051745  0.049141  0.899114
0.577553  0.422447  0.000000
0.770918  0.229082  0.000000
0.000000  0.226381  0.773619
0.369406  0.113639  0.516955
0.767137  0.000000  0.232863
0.374649  0.551330  0.074021
0.000000  0.355578  0.644422
0.104618  0.000000  0.895382
0.000000  0.049663  0.950337
0.000000  0.200994  0.799006
0.000000  0.074966  0.925034
0.642505  0.064443  0.293052
0.000000  0.935565  0.064435
0.232221  0.693558  0.074221
0.000000  0.000000  1.000000
0.952709  0.047291  0.000000
0.793498  0.206502  0.000000
0.000000  0.449965  0.550035
0.159702  0.172041  0.668258
0.000000  0.023515  0.976485
0.258517  0.000000  0.741483
0.000000  0.057459  0.942541
0.631413  0.138696  0.229890
0.000000  0.015764  0.984236
0.000000  0.072155  0.927845
1.000000  0.000000  0.000000
1.000000  0.000000  0.000000
0.860906  0.139094  0.000000
0.351932  0.158381  0.489687
0.843252  0.156748  0.000000
0.100832  0.074007  0.825161
0.069299  0.147290  0.783412
0.735696  0.000000  0.264303
0.000000  0.319405  0.680595
0.000000  0.511272  0.488728
0.000000  0.053509  0.946491
0.000000  0.012527  0.987473
0.000000  0.433804  0.566196
0.000000  0.271502  0.728497
0.000000  0.433130  0.566870
0.000000  0.006820  0.993180
0.121814  0.000000  0.878186
0.057209  0.009837  0.932953
0.707385  0.197336  0.095280
0.000000  0.425339  0.574661
0.000000  0.052862  0.947138
0.031312  0.021655  0.947033
0.000000  0.081269  0.918731
0.160161  0.064871  0.774968
0.000000  0.147548  0.852452
0.075291  0.145446  0.779263
0.000000  0.144090  0.855909
0.001081  0.000000  0.998919
0.507380  0.183715  0.308905
0.197969  0.000000  0.802031
0.000000  0.089152  0.910848
0.000000  0.631411  0.368589
0.000000  0.404638  0.595362
0.000000  0.080599  0.919401
0.249654  0.000000  0.750346
0.000000  0.490329  0.509671
0.097397  0.000000  0.902603
0.023732  0.000000  0.976268
0.000000  0.549351  0.450649
0.051228  0.021945  0.926827
0.000000  0.045653  0.954346
0.266738  0.000000  0.733262
0.000000  0.413159  0.586841
0.000000  0.014220  0.985779
0.000000  0.331187  0.668813
0.000000  0.000000  1.000000
0.516941  0.000000  0.483059
0.263177  0.000000  0.736823
0.074150  0.136542  0.789309
0.463274  0.000000  0.536726
0.465431  0.049508  0.485061
0.000026  0.806262  0.193712
0.257524  0.000000  0.742476
0.466665  0.201390  0.331945
0.000000  0.126307  0.873693
0.000000  0.069625  0.930375
0.265062  0.000000  0.734937
0.012288  0.191674  0.796038
0.000000  0.733277  0.266722
0.108216  0.683703  0.208081
0.000000  0.736262  0.263737
0.570951  0.152478  0.276572
0.337123  0.165481  0.497396
0.000000  0.310069  0.689931
0.000173  0.764533  0.235294
0.089644  0.128037  0.782319
0.083305  0.110701  0.805994
0.043413  0.000000  0.956586
0.028634  0.127987  0.843379
0.000000  0.000000  1.000000
0.000000  0.566236  0.433764
0.000000  1.000000  0.000000
0.000000  0.229637  0.770362
0.115281  0.134995  0.749724
0.102911  0.445207  0.451882
0.106115  0.124964  0.768921
0.087679  0.557257  0.355064
0.050610  0.000000  0.949390
0.181166  0.653345  0.165489
0.078878  0.657605  0.263517
0.000000  0.000000  1.000000
0.001045  0.706501  0.292454
0.047499  0.005002  0.947498
0.002359  0.604115  0.393525
0.012382  0.000000  0.987618
0.081223  0.123318  0.795459
0.164799  0.684036  0.151165
0.006424  0.032338  0.961238
0.000000  0.000000  1.000000
0.027600  0.000000  0.972400
0.099090  0.770283  0.130627
0.000000  0.000000  1.000000
0.083033  0.150716  0.766251
0.048415  0.875673  0.075911
0.069159  0.147390  0.783451
0.000000  0.000000  1.000000
0.078874  0.105854  0.815272
0.014710  0.000268  0.985022
0.037590  0.037940  0.924470
0.009395  0.000000  0.990604
0.000000  1.000000  0.000000
0.000000  0.000000  1.000000
0.000000  0.000000  1.000000
0.053677  0.000000  0.946323
0.048205  0.148290  0.803505
0.032111  0.000000  0.967889
0.000000  1.000000  0.000000
0.000012  0.480839  0.519149
0.000000  0.179078  0.820922
0.000000  0.000000  1.000000
0.030023  0.000000  0.969976
0.066191  0.117079  0.816730
0.019220  0.000000  0.980780
0.069447  0.157084  0.773469
0.045787  0.000000  0.954213
0.033267  0.168955  0.797778
0.036901  0.031856  0.931243
0.045813  0.000000  0.954187
0.000000  0.174342  0.825657
0.135958  0.582357  0.281685
0.014011  0.007493  0.978496
0.000846  0.579197  0.419957
0.073666  0.478674  0.447661
0.094161  0.001625  0.904214
0.000000  0.000000  1.000000
0.000147  0.011314  0.988540
0.048587  0.006995  0.944418
0.022112  0.000000  0.977887
0.061647  0.131769  0.806584
0.036552  0.114765  0.848683
0.108516  0.444145  0.447339
0.037918  0.186036  0.776045
0.000000  0.011600  0.988399
0.000000  0.209060  0.790939
0.000000  0.000000  1.000000
0.113726  0.764839  0.121435
0.119265  0.646224  0.234511
0.000000  1.000000  0.000000
0.066722  0.142289  0.790989
0.000141  0.803533  0.196326
0.000000  0.000000  1.000000
0.019691  0.000000  0.980309
0.040030  0.119646  0.840324
0.000000  0.000000  1.000000
0.004233  0.149110  0.846658
0.063366  0.000000  0.936634
0.075334  0.574845  0.349821
0.009469  0.110808  0.879723
0.049674  0.129613  0.820713
0.055965  0.753846  0.190189
0.008760  0.991239  0.000000
0.000000  0.000000  1.000000
0.172170  0.244145  0.583685
0.141022  0.509142  0.349835
0.000000  1.000000  0.000000
0.114766  0.706656  0.178579
0.087067  0.647627  0.265305
0.000000  0.000000  1.000000
0.138267  0.254264  0.607469
0.092959  0.000000  0.907041
0.057652  0.132744  0.809604
0.046738  0.572245  0.381017
0.054443  0.100091  0.845466
0.000000  0.000000  1.000000
0.024525  0.481593  0.493882
0.000000  0.000000  1.000000
0.158635  0.302487  0.538878
0.000399  0.044180  0.955420
0.091793  0.098240  0.809967
0.200238  0.568755  0.231008
0.069029  0.000000  0.930971
0.131716  0.659244  0.209040
0.113976  0.108943  0.777081
0.149286  0.775620  0.075094
0.072179  0.083724  0.844097
0.000297  0.221967  0.777736
0.027568  0.009594  0.962838
0.191957  0.277785  0.530258
0.152156  0.322168  0.525676
0.038977  0.000000  0.961022
0.069898  0.000000  0.930102
0.000000  1.000000  0.000000
0.015037  0.208219  0.776743
0.000000  0.000000  1.000000
0.000000  1.000000  0.000000
0.000000  0.000000  1.000000
0.049793  0.160647  0.789560
0.031783  0.139979  0.828238
0.000000  0.000000  1.000000
0.000000  0.216573  0.783426
0.067531  0.136897  0.795572
0.000000  0.219357  0.780643
0.007769  0.486551  0.505680
0.005589  0.000000  0.994411
0.108602  0.810860  0.080539
0.028779  0.596650  0.374571
0.096797  0.177042  0.726160
0.126449  0.559949  0.313601
0.055863  0.008843  0.935295
0.007554  0.992445  0.000000
0.049817  0.153603  0.796580
0.032977  0.001921  0.965101
0.000000  1.000000  0.000000
0.016538  0.029934  0.953528
0.088056  0.323965  0.587980
0.032619  0.000058  0.967323
0.007962  0.159190  0.832848
0.052620  0.000000  0.947380
0.181336  0.254816  0.563847
0.075520  0.694520  0.229960
0.000000  0.000000  1.000000
0.025904  0.144600  0.829496
0.045985  0.620053  0.333962
0.000000  0.000000  1.000000
0.034562  0.179697  0.785741
0.067343  0.109169  0.823488
0.007656  0.117483  0.874861
0.020466  0.145479  0.834056
0.093736  0.586948  0.319316
0.018411  0.000000  0.981589
0.077419  0.134538  0.788043
0.009774  0.000000  0.990226
0.066063  0.092144  0.841793
0.028779  0.000000  0.971221
0.074357  0.726588  0.199055
0.000000  0.214480  0.785519
0.000000  0.000000  1.000000
