0.229669  0.689881  0.080450
1.000000  0.000000  0.000000
1.000000  0.000000  0.000000
1.000000  0.000000  0.000000
1.000000  0.000000  0.000000
1.000000  0.000000  0.000000
0.944516  0.000000  0.055484
1.000000  0.000000  0.000000
1.000000  0.000000  0.000000
0.000000  0.999111  0.000889
0.160843  0.781358  0.057798
0.999889  0.000000  0.000111
0.067724  0.923203  0.009073
0.713354  0.149760  0.136885
0.159360  0.790999  0.049641
0.193560  0.747348  0.059092
0.095315  0.815144  0.089541
0.865898  0.036500  0.097602
0.975530  0.000000  0.024470
0.891425  0.000000  0.108574
0.999961  0.000000  0.000039
0.858672  0.079261  0.062067
1.000000  0.000000  0.000000
1.000000  0.000000  0.000000
0.930579  0.000000  0.069421
1.000000  0.000000  0.000000
0.000000  0.999570  0.000430
0.000000  0.989037  0.010963
0.821113  0.058293  0.120594
0.826834  0.049874  0.123293
1.000000  0.000000  0.000000
0.000000  0.982573  0.017426
0.948704  0.000000  0.051295
1.000000  0.000000  0.000000
1.000000  0.000000  0.000000
0.889547  0.000000  0.110452
0.000000  0.994928  0.005072
0.073051  0.842426  0.084524
0.103860  0.839547  0.056593
0.000000  1.000000  0.000000
0.110974  0.889026  0.000000
1.000000  0.000000  0.000000
0.944551  0.000000  0.055449
1.000000  0.000000  0.000000
0.000000  1.000000  0.000000
0.206694  0.687245  0.106061
1.000000  0.000000  0.000000
0.000000  0.960989  0.039011
0.112058  0.862090  0.025851
0.147369  0.823400  0.029231
0.938441  0.000000  0.061559
0.842719  0.018830  0.138451
0.125317  0.792972  0.081711
0.956524  0.000000  0.043475
1.000000  0.000000  0.000000
0.433710  0.413017  0.153273
0.975859  0.000000  0.024141
0.000000  1.000000  0.000000
0.624354  0.311965  0.063681
0.817692  0.081009  0.101299
0.847113  0.019113  0.133774
0.000000  0.937025  0.062975
1.000000  0.000000  0.000000
0.156786  0.688220  0.154994
0.973754  0.000000  0.026246
0.210326  0.760365  0.029309
0.867078  0.019140  0.113781
0.000000  0.994784  0.005216
1.000000  0.000000  0.000000
0.000000  0.998171  0.001829
0.000000  1.000000  0.000000
1.000000  0.000000  0.000000
0.981826  0.000000  0.018174
0.000000  1.000000  0.000000
0.991625  0.000000  0.008375
0.000000  1.000000  0.000000
0.860238  0.027079  0.112684
0.754366  0.153150  0.092484
0.000000  1.000000  0.000000
0.844063  0.088292  0.067646
1.000000  0.000000  0.000000
0.213456  0.721347  0.065197
1.000000  0.000000  0.000000
1.000000  0.000000  0.000000
1.000000  0.000000  0.000000
1.000000  0.000000  0.000000
0.929059  0.028654  0.042288
0.864505  0.000310  0.135185
0.863886  0.035035  0.101079
1.000000  0.000000  0.000000
1.000000  0.000000  0.000000
0.000000  1.000000  0.000000
0.975269  0.000000  0.024730
1.000000  0.000000  0.000000
0.417266  0.498974  0.083760
0.917562  0.000000  0.082438
0.999999  0.000000  0.000000
0.865921  0.010221  0.123858
0.151991  0.778520  0.069489
0.932063  0.000000  0.067937
0.999999  0.000000  0.000000
0.821111  0.084720  0.094168
0.635941  0.197282  0.166777
0.003352  0.937601  0.059047
0.447573  0.503695  0.048732
0.746814  0.145605  0.107581
0.779757  0.071551  0.148692
0.224746  0.663121  0.112132
0.000000  0.842922  0.157078
0.000000  0.738654  0.261345
0.459567  0.540433  0.000000
0.000000  0.913875  0.086125
0.022686  0.871249  0.106065
0.092929  0.714630  0.192440
0.038081  0.928932  0.032988
0.142654  0.857346  0.000000
0.635528  0.331949  0.032523
0.000000  0.000000  1.000000
0.053709  0.479828  0.466463
0.106004  0.893996  0.000000
0.403930  0.596069  0.000000
0.004911  0.875347  0.119742
0.392610  0.607390  0.000000
0.311599  0.688401  0.000000
0.000000  1.000000  0.000000
0.380048  0.619952  0.000000
0.562252  0.159822  0.277925
0.098507  0.901493  0.000000
0.664503  0.329440  0.006056
0.000000  0.053901  0.946098
0.000000  0.000000  1.000000
0.000000  0.044096  0.955904
0.314701  0.010332  0.674966
0.156610  0.695209  0.148180
0.012884  0.987116  0.000000
0.287393  0.712607  0.000000
0.148032  0.851968  0.000000
0.087958  0.912042  0.000000
0.000000  0.813798  0.186202
0.108182  0.891818  0.000000
0.000000  1.000000  0.000000
0.016729  0.774385  0.208887
0.783742  0.000000  0.216257
0.426567  0.573433  0.000000
0.281081  0.718919  0.000000
0.133805  0.790536  0.075658
0.587047  0.058328  0.354626
0.000000  0.875533  0.124467
0.000000  1.000000  0.000000
0.000000  0.721756  0.278244
0.022859  0.977141  0.000000
0.451548  0.548452  0.000000
0.430298  0.097695  0.472007
0.012627  0.987230  0.000144
0.162402  0.775222  0.062376
0.000000  0.138549  0.861451
0.000000  0.762293  0.237707
0.158445  0.751973  0.089581
0.000000  0.906203  0.093797
0.011897  0.851749  0.136354
0.199169  0.744115  0.056716
0.075682  0.924318  0.000000
0.037488  0.854764  0.107748
0.171009  0.702141  0.126849
0.390440  0.609560  0.000000
0.138342  0.266897  0.594761
0.059499  0.753185  0.187316
0.000000  0.850005  0.149995
0.000000  0.970578  0.029421
0.000000  0.976831  0.023169
0.491987  0.508012  0.000000
0.000000  0.186873  0.813126
0.424080  0.051959  0.523962
0.000000  0.180627  0.819373
0.000000  0.231049  0.768950
0.173753  0.000000  0.826246
0.000000  1.000000  0.000000
0.405800  0.594200  0.000000
0.336786  0.272886  0.390328
0.090739  0.445641  0.463620
0.025797  0.749237  0.224966
0.080374  0.919626  0.000000
0.606207  0.304308  0.089484
0.145362  0.823489  0.031149
0.422393  0.577606  0.000000
0.000000  1.000000  0.000000
0.313182  0.686818  0.000000
0.447728  0.552272  0.000000
0.193500  0.261422  0.545078
0.383045  0.616955  0.000000
0.384365  0.615634  0.000000
0.000000  0.755206  0.244794
0.023925  0.718222  0.257853
0.000000  0.038013  0.961987
0.089797  0.910203  0.000000
0.119245  0.847012  0.033743
0.146223  0.775567  0.078211
0.373055  0.626945  0.000000
0.000000  0.736822  0.263178
0.737033  0.262967  0.000000
0.357877  0.642123  0.000000
0.693195  0.306805  0.000000
0.139286  0.746239  0.114475
0.000000  0.291621  0.708379
0.048113  0.897984  0.053904
0.420234  0.000000  0.579766
0.226262  0.000000  0.773738
0.226014  0.773986  0.000000
0.112708  0.518278  0.369014
0.000000  0.237138  0.762861
0.549683  0.075501  0.374815
0.355530  0.644469  0.000000
0.000000  0.894807  0.105193
0.049590  0.950410  0.000000
0.200625  0.799374  0.000000
0.074666  0.925334  0.000000
0.063290  0.296221  0.640489
0.931921  0.060490  0.007589
0.690992  0.073416  0.235592
0.003266  0.996734  0.000000
0.046380  0.000000  0.953620
0.204683  0.000000  0.795317
0.449891  0.550109  0.000000
0.170257  0.667337  0.162406
0.023290  0.976710  0.000000
0.000000  0.741659  0.258341
0.057216  0.942784  0.000000
0.137121  0.232678  0.630201
0.015686  0.984314  0.000000
0.071871  0.928129  0.000000
0.000000  0.000000  1.000000
0.000000  0.015512  0.984488
0.136898  0.000000  0.863102
0.156751  0.490164  0.353085
0.155118  0.000000  0.844881
0.072573  0.824183  0.103244
0.145640  0.781972  0.072389
0.000000  0.267724  0.732276
0.319213  0.680787  0.000000
0.511241  0.488759  0.000000
0.053467  0.946532  0.000000
0.012339  0.987661  0.000000
0.433663  0.566336  0.000000
0.271289  0.728711  0.000000
0.433081  0.566919  0.000000
0.000000  0.988925  0.011075
0.000000  0.877602  0.122398
0.005083  0.932236  0.062681
0.195555  0.098682  0.705763
0.425268  0.574731  0.000000
0.052592  0.947408  0.000000
0.021591  0.946533  0.031876
0.080955  0.919045  0.000000
0.063585  0.774365  0.162050
0.147228  0.852772  0.000000
0.143842  0.777920  0.078238
0.144194  0.855805  0.000000
0.000000  1.000000  0.000000
0.181772  0.310446  0.507782
0.000000  0.801915  0.198084
0.089010  0.910990  0.000000
0.631411  0.368589  0.000000
0.404472  0.595528  0.000000
0.080674  0.919326  0.000000
0.000000  0.750605  0.249395
0.490258  0.509742  0.000000
0.000000  0.902014  0.097986
0.000000  0.975193  0.024807
0.549339  0.450661  0.000000
0.020985  0.925973  0.053043
0.045405  0.954595  0.000000
0.000000  0.733189  0.266811
0.413006  0.586993  0.000000
0.013894  0.986106  0.000000
0.330967  0.669033  0.000000
0.000000  1.000000  0.000000
0.000000  0.484978  0.515022
0.000000  0.737223  0.262777
0.135104  0.787973  0.076923
0.000000  0.538614  0.461386
0.048513  0.486639  0.464848
0.806086  0.193742  0.000172
0.000000  0.742512  0.257488
0.199606  0.333262  0.467131
0.126098  0.873902  0.000000
0.069298  0.930702  0.000000
0.000000  0.735344  0.264656
0.189894  0.794227  0.015879
0.733231  0.266769  0.000000
0.680945  0.206195  0.112860
0.736341  0.263659  0.000000
0.150701  0.278523  0.570776
0.163511  0.497374  0.339115
0.309760  0.690240  0.000000
0.764107  0.234979  0.000914
0.126178  0.780728  0.093094
0.108885  0.804501  0.086614
0.000000  0.956401  0.043598
0.126153  0.841544  0.032302
0.000000  1.000000  0.000000
0.566233  0.433767  0.000000
1.000000  0.000000  0.000000
0.210760  0.753151  0.036089
0.133142  0.748352  0.118506
0.442808  0.450107  0.107085
0.123311  0.767608  0.109080
0.554828  0.353104  0.092068
0.000000  0.948574  0.051425
0.651018  0.164490  0.184492
0.655642  0.262088  0.082270
0.000000  0.993852  0.006148
0.704871  0.290860  0.004269
0.005056  0.947231  0.047713
0.603826  0.393315  0.002859
0.000000  0.987064  0.012936
0.121657  0.794239  0.084105
0.681706  0.150003  0.168291
0.031431  0.960037  0.008532
0.000000  1.000000  0.000000
0.000000  0.971958  0.028042
0.768096  0.129124  0.102781
0.000000  0.994259  0.005741
0.148632  0.764575  0.086793
0.873158  0.073475  0.053366
0.145695  0.781999  0.072306
0.000000  1.000000  0.000000
0.104082  0.813811  0.082107
0.000000  0.984341  0.015659
0.037174  0.923553  0.039273
0.000000  0.990085  0.009915
1.000000  0.000000  0.000000
0.000000  1.000000  0.000000
0.000000  1.000000  0.000000
0.000082  0.945735  0.054184
0.145823  0.801198  0.052979
0.000000  0.966910  0.033090
1.000000  0.000000  0.000000
0.480864  0.519136  0.000000
0.163266  0.806984  0.029750
0.000000  1.000000  0.000000
0.000000  0.968949  0.031050
0.115527  0.815351  0.069122
0.000000  0.980425  0.019575
0.155125  0.771824  0.073051
0.005017  0.953106  0.041877
0.165601  0.794627  0.039772
0.031894  0.931054  0.037052
0.000000  0.953183  0.046817
0.154474  0.808065  0.037462
0.579825  0.280014  0.140161
0.017653  0.982347  0.000000
0.579257  0.420078  0.000666
0.476533  0.445930  0.077536
0.000000  0.904259  0.095741
0.000000  1.000000  0.000000
0.007954  0.986428  0.005617
0.000000  0.944200  0.055799
0.000000  0.977109  0.022891
0.130103  0.805171  0.064726
0.112688  0.846762  0.040549
0.442430  0.446251  0.111319
0.172073  0.762957  0.064970
0.011901  0.988099  0.000000
0.186258  0.770290  0.043452
0.000000  0.994411  0.005589
0.762844  0.120351  0.116805
0.644037  0.233180  0.122783
1.000000  0.000000  0.000000
0.134338  0.783656  0.082006
0.803535  0.196464  0.000000
0.000000  1.000000  0.000000
0.000000  0.979007  0.020993
0.110228  0.832242  0.057530
0.000000  1.000000  0.000000
0.136093  0.835205  0.028703
0.000000  0.936116  0.063884
0.572817  0.348175  0.079008
0.109809  0.878618  0.011573
0.127544  0.818842  0.053614
0.751612  0.188289  0.060099
0.986937  0.000000  0.013062
0.000000  1.000000  0.000000
0.242070  0.582697  0.175234
0.507588  0.349170  0.143242
1.000000  0.000000  0.000000
0.704538  0.177332  0.118129
0.645161  0.263400  0.091439
0.000000  1.000000  0.000000
0.252831  0.606843  0.140326
0.005808  0.906325  0.087868
0.131099  0.808169  0.060732
0.570035  0.379008  0.050957
0.097890  0.843518  0.058592
0.000000  1.000000  0.000000
0.479223  0.491531  0.029246
0.000000  0.999868  0.000132
0.300239  0.537638  0.162123
0.044598  0.955402  0.000000
0.096579  0.808668  0.094752
0.566876  0.230600  0.202524
0.000000  0.930866  0.069134
0.657163  0.207986  0.134851
0.107483  0.776110  0.116407
0.773409  0.073955  0.152636
0.082067  0.842742  0.075190
0.196853  0.754671  0.048477
0.009363  0.962506  0.028130
0.276211  0.529826  0.193963
0.320598  0.525073  0.154329
0.000767  0.960195  0.039038
0.000000  0.929986  0.070014
1.000000  0.000000  0.000000
0.199770  0.768854  0.031375
0.000000  1.000000  0.000000
1.000000  0.000000  0.000000
0.000000  1.000000  0.000000
0.158880  0.788056  0.053065
0.137902  0.826221  0.035877
0.000000  1.000000  0.000000
0.199974  0.768102  0.031924
0.135063  0.793946  0.070991
0.211679  0.773480  0.014841
0.485835  0.504959  0.009205
0.000000  0.991044  0.008956
0.808518  0.079086  0.112396
0.594751  0.372800  0.032448
0.175123  0.724633  0.100244
0.557936  0.312393  0.129670
0.009269  0.935097  0.055634
0.990741  0.000000  0.009259
0.152000  0.795190  0.052810
0.000000  0.964800  0.035200
1.000000  0.000000  0.000000
0.029764  0.953061  0.017175
0.321515  0.586012  0.092474
0.000000  0.966762  0.033238
0.133321  0.810350  0.056329
0.000000  0.946936  0.053064
0.253199  0.563305  0.183495
0.692011  0.228012  0.079977
0.000000  0.999152  0.000848
0.142766  0.827710  0.029525
0.618210  0.332363  0.049428
0.000000  1.000000  0.000000
0.171670  0.777999  0.050330
0.107238  0.821777  0.070985
0.096158  0.856434  0.047408
0.143552  0.832116  0.024332
0.584596  0.317472  0.097932
0.000000  0.980792  0.019208
0.132695  0.786600  0.080705
0.000000  0.989586  0.010414
0.090335  0.840126  0.069539
0.000000  0.969989  0.030011
0.724552  0.197452  0.077995
0.203705  0.775212  0.021083
0.000000  1.000000  0.000000
